846816121872711701
846815919603056660
846816007381450762
846815939110764594
846816016611803198
846815923381338112
846815959138435152
846815913827500092
846815933888200706
846815929580519464
846816021687828610
846815931610169467
846815985284677665
846816050318409729
846816069753503764
846815935556878346
846816126801674280
846815922391089163
846815937927839796
846815911297810503
846815934940446731
846815936869564466
846815914728620082
846816003072458772
846815931305033769
846815945447833720
846815920251863100
846815915739578409
846815959700078662
846815941081301072
846815918427471882
846815928913756240
846815919023194112
846816031209291896
846816064997163038
846815930193150002
846815954763645000
846816145713528852
846815938577694760
846816012036341830
846815955467501639
846815981698678794
846815937222017065
846815920802627594
846815922006261802
846816084031045702
846816045473202236
846815968017776720
846815972542775296
846815950949843025
846815926443442226
846816103094419466
846815945653092423
846816131544907776
846815927227383859
846816055325884466
846816098409906246
846815916570443806
846815976863432728
846815915327619182
846816074507091988
846816060078161950
846815942922076191
846815917463437333
846816112691511386
846816088708743248
846816026142179400
846815936169115678
846815950803959848
846815924019527680
846815925314912307
846816035859333120
846816040721580092
846815950216757278
846815933502193704
846815932725985320
846815928104648714
846815941722374174
846815924648017920
846815954498486333
846815946488152124
846815913314877458
846815921422729216
846816079320842320
846815917211910154
846816117065908295
846815942368428042
846815998409048088
846815963408105482
846816093724868618
846815925788213330
846815926585786399
846815912400125985
